$ANSIBLE_VAULT;1.1;AES256
31333865623162313264393064363031333437353333356566626339333461616637646561613765
3431363364633061633237623637393861376536663263630a623663376231643263653265656566
36363865626238373036623863353466616534636132346539643462613937636364373734326662
6464306665656264650a323730393430373064613865386537643235313434623235326334646134
61373833613163396333373331353632383765623338303230343364623262316439306537366130
64336662626162363333343633356330623532623230656331376236646166393831633364333635
32643561333766376264383361346562643062663864636234653135613938356535613335386536
63316437316537326362666463343962353461343966303831346334386339343863303632643261
33366334356562306633346530333236346166306637343535663535393862383663633564383839
65353331353238326362333435666332323630333035663166363130323339623262336162623238
38333635616637656366663261373363323863316134333630616335333265313366363632316438
32363362626630613138663466326465623734656562336134366262663733633836346663326134
3931
