$ANSIBLE_VAULT;1.1;AES256
36373639366566633836663162613166346538373963643932343431653663326434373434613333
3636376432666333303835383138313330623738666436320a353962623666663061656663623265
31343961373235356461656238396466373935643962363338346361393939346135336262656263
3165323033383031610a373064363266316436306233386230353235623534373666653064303761
34313661336430396336663037653732366238336132663863393264303535346163363936663938
34663563646230333531643537346437346564646431376530616564323638386639326333616662
61653639303639356336343362623637386464363033396236316430383137633465353436666639
64636334326635383763383333376461313336363464633139383361393430653236383433613832
30663830383961643363363237623239623134633565343836656532313136346132366465336536
62666663636235626531376532373461336532623435383339353336643537366564393262383230
34653161616362623065346662653730346662623561623439323062613863393036613564386265
36373230346132376263346335616561326466646561343062366666353930366563643764396439
63313561393961323739306539643865363330623136626239363439396639646431303162313732
64666534663432616336333938323532323566646337333934313230353366393739333439633133
33363539663763646438356632353739626536643738393035393566636637366531653735643333
38333263623461623164303936636433303338343131626562636438646434633231363562313064
30366638613631303638366465623238353161373335396139346433373931336236343666366338
3161613961333434623866356564303933666332336232376530
